11831711,23
4880640
3984080
10
679680
1681200
364800
988600
1295693,79
1133000
205492
10800
897468
5120200
7682951
1635360
1045520
772992
3410799
922520
564000
26325420
13448776
1102964
760200
2722916
1268960
184460
2240000
420819
517840
4975666
1182798
136224
1808846
290000
2332000
1296200
1140904
421950
2940499
573014
237650
2130532
8621782,89
317520
14260400
4764754,71
12823080,17
263168
1351240
68040
6685654
15708240
1854576
8291856
1181952
7529577,05
13218438,51
1751100,76
2564791,61
15066943,6
388446,37
2925980,71
1665466,15
7800762,71
1309447,08
865869,69
1732110
2955473,43
2689385,79
3310256,95
3066343,28
3345101,76
2404291,89
4089513,61
2974479,69
3205722,52
510940
584630
1080148,88
3462785
4685815,16
4617488,5
5747231,26
4178847,14
4498961,36
4618669,86
4149976,44
5062177,77
2361000
2920212
839910
708120
2997878,08
248000
547398,1
2335589,02
10225527,45
6106423,34
2828542
2026664
2426664
2973273,6
10205000
9807000
345000
8280000
20999000
36280000
2717965
1382780
26952578
4736719
753544
28013310
15166072
7482113
5731391
1774794
3341952
894320
700484
7932278
3697920
658416
187059,84
93529,92
187059,84
561179,52
1122359,04
14192640